[60 62 63 64 65]
[64 66 67 68 69]
[36 35 32 29 27 25 24]
[28 27 25 23 21 18 15 14]
[47 49 52 54 57]
[91 90 88 86 85 82]
[86 87 90 91 94 95 98]
[79 78 75 74 73 71]
[35 36 38 40 42 44 45]
[21 22 24 27 30 33 34]
[47 49 50 51 53 54 55]
[59 58 56 54 52]
[21 22 24 26 27]
[71 72 75 77 80]
[55 56 57 60 62 65 68 70]
[29 30 33 36 37 39 40 43]
[20 19 18 16 14 11 9 6]
[54 56 57 58 59]
[72 70 67 64 62 61 60]
[37 38 39 40 41 44 47 50]
[90 89 86 83 82 80]
[72 74 75 76 77]
[60 59 57 55 53 50 48]
[22 20 18 15 12 10 9]
[13 11 9 7 4 2]
[39 37 35 33 32 30 27]
[82 84 87 88 90 92 94]
[58 56 55 54 51 49 48]
[66 67 70 72 74]
[84 82 80 78 77 74 72 70]
[59 57 56 53 51]
[61 59 56 53 50 47 46]
[45 47 50 51 54 55]
[51 53 56 58 61]
[68 66 63 60 57]
[63 65 67 69 71 72 73 75]
[24 25 28 31 34 37 38]
[47 48 51 54 55]
[37 35 33 30 28 26 24 21]
[37 39 40 43 46 47 48 49]
[87 88 89 91 92 94 97]
[17 18 19 22 24 27]
[80 78 77 74 73 72 70]
[38 40 42 44 46 48 49 50]
[72 71 70 67 64 61]
[31 29 26 23 22 19]
[38 36 33 31 29 28 27 26]
[17 16 14 13 12 9 8]
[33 34 35 37 39]
[90 88 87 86 84 83 81 79]
[94 92 89 88 87 85 84 81]
[1 2 5 7 9]
[8 9 10 13 15 18 20]
[83 81 78 77 74 72 71]
[75 77 78 79 80 83 86 87]
[35 34 32 31 29 27 25 22]
[1 2 3 5 6 9 11 13]
[71 72 73 74 76 77 78]
[90 91 93 94 96 99]
[36 35 33 31 28 25 22]
[32 34 37 39 41 44 45 46]
[43 42 41 40 38 35 32 30]
[76 78 81 84 85 88 91]
[40 42 45 46 49 51 54 57]
[52 50 49 46 44 41 38 35]
[69 68 66 64 61 60 57 55]
[6 8 10 12 14]
[88 90 92 95 97 98 99]
[70 68 65 64 62]
[59 60 63 65 67 69 72]
[44 43 41 39 38]
[11 10 7 4 2]
[12 14 15 16 17 18 19 21]
[21 19 17 15 14 11 9]
[29 30 33 34 36 37]
[36 38 41 42 43]
[28 27 25 23 22 20 19]
[61 62 64 66 69]
[48 46 45 44 43 41 39]
[22 21 18 16 14]
[87 88 91 93 95 96]
[29 31 34 35 37 38 39 40]
[42 40 38 35 32 29 26]
[38 40 43 46 47 49]
[9 11 12 15 18]
[87 85 83 82 81]
[93 92 90 88 87 84 81 78]
[50 51 53 54 56]
[69 71 72 73 74 75 78]
[47 48 49 52 53 55]
[18 20 22 23 24 25]
[81 79 76 73 70 68]
[45 43 42 39 38 36 33 32]
[3 5 7 9 12]
[28 27 25 23 22 20 17]
[77 78 80 82 83 85]
[82 84 85 88 89 91 94]
[34 36 37 38 39 41]
[24 26 29 31 32 35 37 40]
[22 24 27 28 31 33 35]
[78 79 82 84 87 88 90]
[62 63 64 66 67 70]
[62 64 66 68 70 72]
[80 78 75 72 69]
[72 74 77 80 83]
[67 68 71 74 75 77 78 80]
[19 18 17 14 11]
[55 53 51 50 49 47]
[83 82 79 78 77 74 73 70]
[91 89 87 85 82 79]
[73 72 69 68 67 66]
[15 13 12 9 6 4 2]
[15 13 12 10 7 4 1]
[40 39 36 34 31 29 26]
[19 17 15 14 13]
[31 30 29 28 27 24 23 21]
[45 47 48 50 53 55 56 58]
[80 82 83 86 88]
[39 40 42 43 44]
[48 50 53 56 58]
[44 42 41 40 38 36 34 33]
[7 9 11 14 17 20]
[14 16 18 19 20]
[18 20 23 24 25 27 28]
[22 20 19 16 15 12 11]
[31 33 34 37 39 42 43]
[72 71 68 66 65]
[48 46 45 42 41]
[38 37 35 33 31]
[9 10 13 16 18 20 22]
[25 23 21 18 15]
[33 31 29 27 26 24 23]
[37 39 41 43 45]
[65 63 60 59 58 56 54 51]
[63 65 68 69 70 71]
[11 12 13 16 19 22 24]
[15 17 19 22 23 25 26 28]
[74 72 69 66 64 62]
[26 25 22 21 20 19]
[41 39 38 36 33 31 28]
[51 49 48 46 45]
[54 55 56 57 60 61 63]
[65 66 69 71 72 74 75]
[99 97 96 94 92 90 87 85]
[35 33 32 30 29 28]
[65 63 61 59 58 56 54]
[28 30 33 34 36 37 39]
[20 22 23 25 28 31 32 34]
[3 5 6 7 8 9 11]
[30 29 26 23 22 20 18 15]
[38 39 42 43 44]
[96 95 92 89 87 86 85 82]
[81 79 77 74 71]
[41 42 45 48 51 52 55]
[67 68 69 70 71 73 75]
[39 41 44 47 48 50]
[81 83 84 85 88]
[78 77 74 71 69 68 65]
[77 79 80 81 82 85 86 87]
[31 32 34 37 40]
[61 59 56 55 54 51]
[39 38 36 34 32 30]
[75 74 71 69 68 67 65 62]
[39 40 42 45 48]
[34 33 30 27 26 24 22]
[37 35 34 31 28 25]
[24 22 21 19 17]
[48 47 46 44 41]
[43 42 41 40 38 37 34 32]
[93 92 89 87 84 82 81 79]
[15 14 12 10 9]
[10 11 12 15 16 18 19 21]
[32 33 34 36 37 40 43]
[52 51 48 45 43]
[64 66 69 72 75 78 81]
[16 14 12 11 10 7 4 1]
[36 35 33 32 31]
[57 56 53 50 49 47]
[19 17 16 15 12 10 8 6]
[16 14 11 8 5]
[59 57 54 51 50 47]
[95 94 93 90 87 86 83 81]
[51 49 48 45 44]
[17 18 20 23 26 29 30]
[47 46 43 41 40]
[22 21 20 18 15]
[19 21 24 26 28 31 34]
[38 37 35 32 29 28]
[83 82 81 79 77 75]
[74 75 77 79 81 82]
[61 59 58 55 52]
[14 15 16 17 20 23]
[46 45 42 40 38 37 35 32]
[37 39 41 43 46 49 52]
[64 62 59 58 56 54]
[92 91 88 86 83 82]
[94 93 91 89 88]
[59 58 56 54 53 51]
[41 42 45 46 47 50 53 56]
[28 30 33 36 39 40]
[72 73 76 79 82]
[26 27 28 30 32 33 36]
[86 85 82 81 80]
[70 71 74 75 78]
[93 94 96 98 99]
[38 36 34 33 30]
[18 20 22 24 25 28 29]
[28 27 24 22 21 18 17]
[35 37 38 40 43]
[17 16 14 12 11]
[32 31 30 28 25]
[94 93 90 89 88]
[24 22 20 19 16 15 13]
[42 40 39 37 34 32 31 30]
[16 14 11 8 6 4 1]
[30 31 34 35 38 40 42 45]
[63 65 67 70 71 74 76 79]
[82 81 78 75 73]
[34 32 30 27 26 24 23]
[53 51 49 47 44 43 42 39]
[87 88 89 90 91 92]
[79 77 74 72 70 67 65]
[57 56 55 52 49 47 45]
[22 21 19 18 15 13 10]
[57 56 55 54 52]
[14 12 9 6 4 3 2]
[51 52 55 58 59 60 62]
[77 79 82 84 87 89 90]
[1 3 6 8 11 14]
[34 36 39 42 45 47 49]
[15 16 17 20 22 25 28]
[34 35 38 39 40 41 43]
[70 69 67 64 63 61]
[86 84 83 81 78 76 75]
[34 33 32 29 28 25 22 19]
[93 92 91 88 85 84 82]
[46 44 42 41 40 39]
[64 66 69 72 75 78 79]
[47 46 43 40 39]
[55 56 57 59 62 64]
[37 38 40 42 45 48]
[78 79 82 84 85]
[48 46 43 40 37 35]
[38 37 36 34 31]
[15 13 11 10 8 7 4]
[62 61 60 59 58 56 53 50]
[26 24 23 22 19]
[35 33 30 29 28]
[31 30 27 25 22 20 17]
[44 42 39 37 34 33 32]
[23 22 19 16 15 14]
[91 89 88 87 84 83 81 80]
[75 76 77 79 82 84 85 86]
[12 14 16 18 21]
[66 64 61 58 56 53]
[35 36 39 41 42 44 46 49]
[60 59 58 57 55 52]
[7 8 10 12 13 14 17 19]
[27 28 29 30 31 33 34]
[5 7 9 10 11 12 15]
[57 55 54 51 48 46 45 44]
[41 39 38 36 34 33 31]
[71 69 66 64 62 61 58 56]
[21 20 19 18 17 15 12 9]
[76 77 80 82 84 87]
[88 89 90 93 95 96 98 99]
[38 40 41 43 44]
[70 69 68 67 66 64 63 62]
[75 74 71 69 68 66 64 63]
[25 24 21 18 17 14]
[84 83 82 80 77]
[96 95 93 90 88]
[18 20 22 25 26 29 31]
[77 79 82 85 88 89]
[49 51 52 53 54 57]
[28 29 30 32 33 34 37]
[28 29 31 33 34 36 38]
[58 60 63 65 67]
[74 73 72 70 69 67 65 63]
[37 35 33 32 30 27 24 22]
[90 91 92 93 95 97]
[14 13 12 10 7 5 4]
[5 6 8 11 13]
[77 79 81 83 85 88 90]
[8 7 5 2 1]
[58 60 63 66 68 69 70 72]
[50 51 54 56 58 60]
[66 65 64 61 59]
[65 63 62 61 58 55 52]
[29 30 32 34 36 39 41]
[44 42 41 40 39 38 36]
[62 63 64 67 70 73 74]
[2 3 4 5 6 8 10]
[28 30 32 33 34 36 39 42]
[34 36 39 42 45 48]
[14 12 11 9 6]
[43 41 38 35 32 30 28]
[78 77 76 75 74 71 70 68]
[74 76 77 79 80 81 84 86]
[40 39 36 35 32 31 29 26]
[11 12 14 16 17 20 23]
[83 82 79 77 76 75 74]
[45 46 48 51 53]
[34 32 29 28 27]
[80 78 76 75 73]
[63 62 61 59 57 55 53 52]
[29 27 25 22 19 17 15 13]
[82 80 77 76 75]
[57 58 61 64 66 67 68]
[40 42 44 46 49 52 55]
[56 57 59 62 64]
[13 12 11 9 7 4]
[22 23 26 28 29 32 34 36]
[43 41 38 37 35 33 31 28]
[53 55 58 61 62 63 65]
[20 21 22 25 26 28 31 32]
[15 16 19 20 23 25 26]
[87 88 89 92 94 95 97]
[5 6 9 11 12 13]
[41 42 45 46 49 52 53]
[34 33 30 28 25 22 20]
[15 16 17 19 21 22]
[12 10 9 8 5]
[84 85 88 90 91 94]
[65 64 63 62 61 60 58 55]
[31 32 34 36 37 40]
[15 17 19 20 23 25 27 28]
[66 67 69 72 75 77 80 83]
[79 80 82 84 87]
[27 25 24 23 20 17 14]
[24 26 27 29 30 32]
[58 59 62 64 65 67 70 73]
[61 63 65 67 68 71]
[89 87 86 83 81 80 77 76]
[79 80 82 84 85 86]
[78 79 82 83 86 87 90]
[27 25 23 21 19 16]
[61 63 64 66 68 71]
[41 42 44 47 48 49 51]
[56 55 52 50 49 48 45 43]
[19 20 23 26 29 30 32]
[2 4 6 9 11]
[21 22 23 26 28 31 33 35]
[59 58 55 53 50 49 48]
[71 69 66 63 60]
[74 72 69 68 67]
[52 54 55 58 60 63 64]
[14 16 17 20 23 24]
[65 67 70 71 73 76]
[67 68 70 72 75 78 80]
[89 87 84 82 80]
[35 36 37 39 42 45 46]
[9 10 13 14 16 18 21 22]
[25 24 21 20 18]
[99 97 94 92 89 87 84 82]
[70 68 66 65 63 60 57]
[10 12 14 17 18 19]
[36 37 39 42 44]
[63 64 66 67 69 72 75]
[53 52 50 49 47 44 41 39]
[83 84 87 90 93]
[18 16 14 11 10 7 6 3]
[69 67 64 61 58 56 53 52]
[92 93 94 97 99]
[53 51 49 47 45 44 43]
[79 80 82 84 85 86 88]
[80 78 75 73 70 67]
[77 79 80 83 86]
[20 18 17 15 12 11]
[34 36 39 42 44 47 50]
[31 32 35 38 39 42 45]
[49 50 51 54 56 59]
[24 26 27 30 31 32 34]
[51 50 48 45 42]
[51 52 55 57 60 63]
[38 37 34 31 30 27]
[59 60 61 62 65 66 68]
[24 25 27 29 30 32 35]
[10 11 12 13 14 15]
[55 53 50 49 48 45]
[21 20 19 18 17 15 14]
[82 84 87 89 92 95 97]
[46 44 43 40 39 37 35 33]
[30 32 34 36 37 39 42]
[20 21 23 26 27 28]
[66 67 69 70 71 72 74]
[2 3 6 8 10]
[42 40 39 37 34 31]
[21 20 18 16 13]
[87 85 84 81 78]
[51 50 49 47 45 42 40]
[61 59 58 56 54 52 50 47]
[97 96 93 92 90]
[19 21 23 24 27 29 32 34]
[81 79 78 76 75 74 71 70]
[82 80 79 76 73 70 67 66]
[66 65 63 60 58 55 53 50]
[68 70 71 73 75 78 80]
[31 33 34 37 38]
[87 85 83 82 79
